inner_max_itr=50
objective_types=2
epsilon=0.1
block_demands=0

Gamma upper, or M is: 1000
d̂: 
24-element Vector{Float64}:
 2450.0
 2400.0
 2350.0
 2330.0
 2350.0
 2400.0
 2450.0
 2350.0
 2250.0
 2150.0
 2050.0
 2000.0
 1950.0
 1930.0
 1950.0
 2050.0
 2150.0
 2250.0
 2350.0
 2450.0
 2400.0
 2350.0
 2300.0
 2250.0
HORIZON = 24
budget = 585937.5
H̄ = Number[100]
Pmax = Number[9.06, 9.06, 9.06, 9.06, 18.14, 173.0, 9.4, 55.84, 55.84, 55.84, 55.84, 55.84, 55.84, 8.0, 4.8, 36.0, 36.0, 6.4, 10.0, 12.6, 36.0, 135.2, 309.6, 2.8, 267.0, 260.1, 260.1, 260.1, 892.8, 892.8, 184.8, 10.8, 154.44, 154.44, 154.44, 154.44, 277.2, 24.0, 52.0, 18.8, 18.8, 18.8, 18.8, 18.8, 35.0, 53.2, 1138.3, 135.0, 135.0]
Pmin = Number[1.36, 1.36, 1.36, 1.36, 2.72, 86.5, 1.41, 8.38, 8.38, 8.38, 8.38, 8.38, 8.38, 1.2, 0.72, 5.4, 5.4, 0.96, 1.5, 1.89, 5.4, 67.6, 154.8, 1.4, 133.5, 39.02, 39.02, 39.02, 133.92, 133.92, 92.4, 1.62, 23.17, 23.17, 23.17, 23.17, 41.58, 3.6, 7.8, 2.82, 2.82, 2.82, 2.82, 2.82, 5.25, 7.98, 170.75, 20.25, 20.25]
RU = Number[0.453, 0.453, 0.453, 0.453, 0.907, 8.65, 0.47, 2.792, 2.792, 2.792, 2.792, 2.792, 2.792, 0.4, 0.24, 1.8, 1.8, 0.32, 0.5, 0.63, 1.8, 6.76, 15.48, 0.14, 13.35, 13.005, 13.005, 13.005, 44.64, 44.64, 9.24, 0.54, 7.722, 7.722, 7.722, 7.722, 13.86, 1.2, 2.6, 0.94, 0.94, 0.94, 0.94, 0.94, 1.75, 2.66, 56.915, 6.75, 6.75]
RD = Number[0.453, 0.453, 0.453, 0.453, 0.907, 8.65, 0.47, 2.792, 2.792, 2.792, 2.792, 2.792, 2.792, 0.4, 0.24, 1.8, 1.8, 0.32, 0.5, 0.63, 1.8, 6.76, 15.48, 0.14, 13.35, 13.005, 13.005, 13.005, 44.64, 44.64, 9.24, 0.54, 7.722, 7.722, 7.722, 7.722, 13.86, 1.2, 2.6, 0.94, 0.94, 0.94, 0.94, 0.94, 1.75, 2.66, 56.915, 6.75, 6.75]
DR = Dict{Int64, Number}(0 => 0, 2 => 200, 3 => 300, 1 => 100)
